9007977258	1.0 0.0 0.0
2000005539	1.0 0.0 0.0
2000062290	1.0 0.0 0.0
2000141328	1.0 0.0 0.0
2000199640	1.0 0.0 0.0
2000338502	1.0 0.0 0.0
2000496877	1.0 0.0 0.0
2000553668	1.0 0.0 0.0
2000593291	1.0 0.0 0.0
2000618087	0.0 1.0 0.0
2000619546	1.0 0.0 0.0
7101541155	0.0 1.0 0.0
7103110666	0.0 1.0 0.0
7105309916	1.0 0.0 0.0
7105804877	1.0 0.0 0.0
7108359569	0.0 1.0 0.0
7110377576	1.0 0.0 0.0
7111141262	0.0 1.0 0.0
7111491870	0.0 1.0 0.0
7112254756	0.0 1.0 0.0
7114543294	1.0 0.0 0.0
7117284602	1.0 0.0 0.0
7117504696	0.0 1.0 0.0
7121829845	0.0 1.0 0.0
7125706729	0.0 1.0 0.0
7125709603	1.0 0.0 0.0
7136059337	1.0 0.0 0.0
7137620854	1.0 0.0 0.0
7138991346	0.0 1.0 0.0
7139646525	0.0 1.0 0.0
7140587132	0.0 1.0 0.0
7143448981	0.0 1.0 0.0
7144635235	0.0 1.0 0.0
7145424856	1.0 0.0 0.0
7148192133	0.0 1.0 0.0
7148340253	0.0 1.0 0.0
7149380979	1.0 0.0 0.0
7150567880	1.0 0.0 0.0
7151510728	0.0 1.0 0.0
7152027037	0.0 1.0 0.0
7152050130	1.0 0.0 0.0
7152385959	1.0 0.0 0.0
7153619421	1.0 0.0 0.0
7153717765	0.0 1.0 0.0
7154102919	1.0 0.0 0.0
7154560268	1.0 0.0 0.0
7158724407	1.0 0.0 0.0
7160091767	0.0 1.0 0.0
7162395437	0.0 1.0 0.0
7162676590	1.0 0.0 0.0
7163720159	0.0 1.0 0.0
7164368082	0.0 1.0 0.0
7165311666	0.0 1.0 0.0
7166214421	0.0 1.0 0.0
7175718923	0.0 1.0 0.0
7181474469	0.0 1.0 0.0
7182252028	0.0 1.0 0.0
7182716123	0.0 1.0 0.0
7183239037	1.0 0.0 0.0
7184309662	0.0 1.0 0.0
7186005692	0.0 1.0 0.0
7188855215	1.0 0.0 0.0
7192466664	1.0 0.0 0.0
7193916467	1.0 0.0 0.0
7195712147	1.0 0.0 0.0
7196238907	1.0 0.0 0.0
8102035802	0.0 1.0 0.0
8102352376	1.0 0.0 0.0
8102818718	1.0 0.0 0.0
8102859472	0.0 1.0 0.0
8103240442	1.0 0.0 0.0
8104394148	1.0 0.0 0.0
8105046594	1.0 0.0 0.0
8105839725	1.0 0.0 0.0
8107342331	0.0 1.0 0.0
8107643790	1.0 0.0 0.0
8111051939	0.0 1.0 0.0
8112422782	0.0 1.0 0.0
8112593101	0.0 1.0 0.0
8113153366	0.0 1.0 0.0
8113567667	1.0 0.0 0.0
8113970778	1.0 0.0 0.0
8116680758	1.0 0.0 0.0
8123300837	0.0 1.0 0.0
8123659894	1.0 0.0 0.0
8126433107	0.0 1.0 0.0
8130397629	0.0 1.0 0.0
8132106758	0.0 1.0 0.0
8133098505	1.0 0.0 0.0
8136260352	1.0 0.0 0.0
8136864586	0.0 1.0 0.0
8137659319	0.0 1.0 0.0
8141467591	1.0 0.0 0.0
8141613533	1.0 0.0 0.0
8144498096	1.0 0.0 0.0
8147129095	0.0 1.0 0.0
8149487418	1.0 0.0 0.0
8156832044	0.0 1.0 0.0
8165866230	0.0 1.0 0.0
8165925874	0.0 1.0 0.0
8167640358	1.0 0.0 0.0
8168273216	0.0 1.0 0.0
8170909594	0.0 1.0 0.0
8171442691	1.0 0.0 0.0
8172407827	1.0 0.0 0.0
8172735248	0.0 1.0 0.0
8173251597	1.0 0.0 0.0
8188042397	1.0 0.0 0.0
8189208728	1.0 0.0 0.0
8189228888	0.0 1.0 0.0
8189278593	1.0 0.0 0.0
8189289099	1.0 0.0 0.0
8190257189	1.0 0.0 0.0
8190381266	0.0 1.0 0.0
8191623929	1.0 0.0 0.0
8191831593	0.0 1.0 0.0
8191913623	0.0 1.0 0.0
8204042277	0.0 1.0 0.0
8204657801	0.0 1.0 0.0
8211209399	0.0 1.0 0.0
8211272123	0.0 1.0 0.0
8211869977	1.0 0.0 0.0
8220029473	1.0 0.0 0.0
8220261299	1.0 0.0 0.0
8220783673	0.0 1.0 0.0
8225536243	1.0 0.0 0.0
8226408180	0.0 1.0 0.0
8227190496	0.0 1.0 0.0
8227760033	0.0 1.0 0.0
8228189015	1.0 0.0 0.0
8232590009	0.0 1.0 0.0
8232746765	1.0 0.0 0.0
8235183876	1.0 0.0 0.0
8235341356	0.0 1.0 0.0
8238599690	1.0 0.0 0.0
8242262524	0.0 1.0 0.0
8247160213	0.0 1.0 0.0
8247419163	0.0 1.0 0.0
8247904463	1.0 0.0 0.0
8251261186	0.0 1.0 0.0
8266121964	0.0 1.0 0.0
8269713264	0.0 1.0 0.0
8270825146	0.0 1.0 0.0
8279194430	0.0 1.0 0.0
8281107346	1.0 0.0 0.0
8282288172	0.0 1.0 0.0
8283856497	0.0 1.0 0.0
8290465532	0.0 1.0 0.0
8296219917	0.0 1.0 0.0
8300912692	0.0 1.0 0.0
8301439644	0.0 1.0 0.0
8306082992	0.0 1.0 0.0
8310272028	0.0 1.0 0.0
8313411114	0.0 1.0 0.0
8323733764	1.0 0.0 0.0
8326380425	0.0 1.0 0.0
9000309527	0.0 1.0 0.0
9000429422	0.0 1.0 0.0
9000430647	0.0 1.0 0.0
9000437521	0.0 1.0 0.0
9000588381	0.0 1.0 0.0
9000655350	0.0 1.0 0.0
9000670555	0.0 1.0 0.0
9000680981	0.0 1.0 0.0
9000686896	0.0 1.0 0.0
9000769080	0.0 1.0 0.0
9000778630	0.0 1.0 0.0
9000797020	0.0 1.0 0.0
9000853556	0.0 1.0 0.0
9000872936	0.0 1.0 0.0
9000920945	0.0 1.0 0.0
9000956876	0.0 1.0 0.0
9001078866	0.0 1.0 0.0
9001147678	0.0 1.0 0.0
9001148043	0.0 1.0 0.0
9001150333	0.0 1.0 0.0
9001161470	0.0 1.0 0.0
9001209637	0.0 1.0 0.0
9001226308	0.0 1.0 0.0
9001295299	0.0 1.0 0.0
9001298819	0.0 1.0 0.0
9001331380	0.0 1.0 0.0
9001332239	0.0 1.0 0.0
9001336411	0.0 1.0 0.0
9001386953	0.0 1.0 0.0
9001391600	0.0 1.0 0.0
9001460598	0.0 1.0 0.0
9001484670	0.0 1.0 0.0
9001507051	0.0 1.0 0.0
9001527570	0.0 1.0 0.0
9001583260	0.0 1.0 0.0
9001643815	0.0 1.0 0.0
9001669864	0.0 1.0 0.0
9001678195	0.0 1.0 0.0
9001704478	0.0 1.0 0.0
9001713926	0.0 1.0 0.0
9001861550	0.0 1.0 0.0
9001885607	0.0 1.0 0.0
9002028415	0.0 1.0 0.0
9002045224	0.0 1.0 0.0
9002045678	0.0 1.0 0.0
9002190609	0.0 1.0 0.0
9002194605	0.0 1.0 0.0
9002297870	0.0 1.0 0.0
9002361013	0.0 1.0 0.0
9002369645	0.0 1.0 0.0
9002423387	0.0 1.0 0.0
9002423915	0.0 1.0 0.0
9002477312	0.0 1.0 0.0
9002505018	0.0 1.0 0.0
9002563608	0.0 1.0 0.0
9002591380	0.0 1.0 0.0
9002638473	0.0 1.0 0.0
9002655426	0.0 1.0 0.0
9002675242	0.0 1.0 0.0
9002678390	0.0 1.0 0.0
9002694947	0.0 1.0 0.0
9002720168	0.0 1.0 0.0
9002724076	0.0 1.0 0.0
9002726145	0.0 1.0 0.0
9002790870	0.0 1.0 0.0
9002824026	0.0 1.0 0.0
9002853893	0.0 1.0 0.0
9002929567	0.0 1.0 0.0
9002953167	0.0 1.0 0.0
9002964016	0.0 1.0 0.0
9003006615	0.0 1.0 0.0
9003013538	0.0 1.0 0.0
9003031024	0.0 1.0 0.0
9003035707	0.0 1.0 0.0
9003052232	0.0 1.0 0.0
9003060292	0.0 1.0 0.0
9003103660	0.0 1.0 0.0
9003119474	0.0 1.0 0.0
9003128700	0.0 1.0 0.0
9003135700	0.0 1.0 0.0
9003140068	0.0 1.0 0.0
9003157018	0.0 1.0 0.0
9003176927	0.0 1.0 0.0
9003212123	0.0 1.0 0.0
9003221929	0.0 1.0 0.0
9003237201	0.0 1.0 0.0
9003306912	0.0 1.0 0.0
9003335684	0.0 1.0 0.0
9003338321	0.0 1.0 0.0
9003364500	0.0 1.0 0.0
9003398425	0.0 1.0 0.0
9003430753	0.0 1.0 0.0
9003531018	0.0 1.0 0.0
9003611604	0.0 1.0 0.0
9003630982	0.0 1.0 0.0
9003667314	0.0 1.0 0.0
9003676292	0.0 1.0 0.0
9003701638	0.0 1.0 0.0
9003762855	0.0 1.0 0.0
9003790166	0.0 1.0 0.0
9003870055	0.0 1.0 0.0
9003924318	0.0 1.0 0.0
9003940543	0.0 1.0 0.0
9003949464	0.0 1.0 0.0
9003957264	0.0 1.0 0.0
9004006160	0.0 1.0 0.0
9004057655	0.0 1.0 0.0
9004064423	0.0 1.0 0.0
9004068355	0.0 1.0 0.0
9004189253	0.0 1.0 0.0
9004213009	0.0 1.0 0.0
9004238175	0.0 1.0 0.0
9004258934	0.0 1.0 0.0
9004283045	0.0 1.0 0.0
9004313705	0.0 1.0 0.0
9004321492	0.0 1.0 0.0
9004336114	0.0 1.0 0.0
9004340934	0.0 1.0 0.0
9004358286	0.0 1.0 0.0
9004382324	0.0 1.0 0.0
9004417272	0.0 1.0 0.0
9004451714	0.0 1.0 0.0
9004518844	0.0 1.0 0.0
9004554823	0.0 1.0 0.0
9004590582	0.0 1.0 0.0
9004619184	0.0 1.0 0.0
9004681718	0.0 1.0 0.0
9004698705	0.0 1.0 0.0
9004739289	0.0 1.0 0.0
9004822565	0.0 1.0 0.0
9004826974	0.0 1.0 0.0
9004852614	0.0 1.0 0.0
9005116328	0.0 1.0 0.0
9005132186	0.0 1.0 0.0
9005141757	0.0 1.0 0.0
9005226774	0.0 1.0 0.0
9005231145	0.0 1.0 0.0
9005333367	0.0 1.0 0.0
9005389137	0.0 1.0 0.0
9005402966	0.0 1.0 0.0
9005509707	0.0 1.0 0.0
9005534264	0.0 1.0 0.0
9005563054	0.0 1.0 0.0
9005584739	0.0 1.0 0.0
9005625003	0.0 1.0 0.0
9005632921	0.0 1.0 0.0
9005669799	0.0 1.0 0.0
9005687837	0.0 1.0 0.0
9005710216	0.0 1.0 0.0
9005846154	0.0 1.0 0.0
9005902036	0.0 1.0 0.0
9005988461	0.0 1.0 0.0
9006063893	0.0 1.0 0.0
9006087972	0.0 1.0 0.0
9006139843	0.0 1.0 0.0
9006243927	0.0 1.0 0.0
9006259041	0.0 1.0 0.0
9006281161	0.0 1.0 0.0
9006299775	0.0 1.0 0.0
9006330262	0.0 1.0 0.0
9006342335	0.0 1.0 0.0
9006345362	0.0 1.0 0.0
9006382664	0.0 1.0 0.0
9006392865	0.0 1.0 0.0
9006395931	0.0 1.0 0.0
9006410060	0.0 1.0 0.0
9006427341	0.0 1.0 0.0
9006565874	0.0 1.0 0.0
9006743254	0.0 1.0 0.0
9006798893	0.0 1.0 0.0
9006841087	0.0 1.0 0.0
9006926776	0.0 1.0 0.0
9006983516	0.0 1.0 0.0
9007055903	0.0 1.0 0.0
9007086683	0.0 1.0 0.0
9007090379	0.0 1.0 0.0
9007113388	0.0 1.0 0.0
9007134948	0.0 1.0 0.0
9007182736	0.0 1.0 0.0
9007200877	0.0 1.0 0.0
9007214131	0.0 1.0 0.0
9007233907	0.0 1.0 0.0
9007271979	0.0 1.0 0.0
9007282390	0.0 1.0 0.0
9007290911	0.0 1.0 0.0
9007356404	0.0 1.0 0.0
9007366684	0.0 1.0 0.0
9007417450	0.0 1.0 0.0
9007420371	0.0 1.0 0.0
9007438365	0.0 1.0 0.0
9007450905	0.0 1.0 0.0
9007505700	0.0 1.0 0.0
9007556371	0.0 1.0 0.0
9007621356	0.0 1.0 0.0
9007680496	0.0 1.0 0.0
9007797611	0.0 1.0 0.0
9007799423	0.0 1.0 0.0
9007905081	0.0 1.0 0.0
9007915100	0.0 1.0 0.0
9007976641	0.0 1.0 0.0
9008020101	0.0 1.0 0.0
9008086877	0.0 1.0 0.0
9008098226	0.0 1.0 0.0
9008117100	0.0 1.0 0.0
9008143134	0.0 1.0 0.0
9008171766	0.0 1.0 0.0
9008264256	0.0 1.0 0.0
9008275815	0.0 1.0 0.0
9008287226	0.0 1.0 0.0
9008377546	0.0 1.0 0.0
9008392744	0.0 1.0 0.0
9008463260	0.0 1.0 0.0
9008465311	0.0 1.0 0.0
9008494173	0.0 1.0 0.0
9008517036	0.0 1.0 0.0
9008569727	0.0 1.0 0.0
9008583518	0.0 1.0 0.0
9008600586	0.0 1.0 0.0
9008621587	0.0 1.0 0.0
9008628630	0.0 1.0 0.0
9008639588	0.0 1.0 0.0
9008668961	0.0 1.0 0.0
9008676492	0.0 1.0 0.0
9008727767	0.0 1.0 0.0
9008755736	0.0 1.0 0.0
9008764600	0.0 1.0 0.0
9008819031	0.0 1.0 0.0
9008841366	0.0 1.0 0.0
9008863731	0.0 1.0 0.0
9008888464	0.0 1.0 0.0
9008922779	0.0 1.0 0.0
9008971187	0.0 1.0 0.0
9008974593	0.0 1.0 0.0
9009010641	0.0 1.0 0.0
9009046396	0.0 1.0 0.0
9009077185	0.0 1.0 0.0
9009093645	0.0 1.0 0.0
9009107293	0.0 1.0 0.0
9009119083	0.0 1.0 0.0
9009140718	0.0 1.0 0.0
9009142993	0.0 1.0 0.0
9009145460	0.0 1.0 0.0
9009148768	0.0 1.0 0.0
9009163903	0.0 1.0 0.0
9009165294	0.0 1.0 0.0
9009165497	0.0 1.0 0.0
9009165548	0.0 1.0 0.0
9009165623	0.0 1.0 0.0
9009165626	0.0 1.0 0.0
9009165686	0.0 1.0 0.0
9009165699	0.0 1.0 0.0
9009165729	0.0 1.0 0.0
9009165763	0.0 1.0 0.0
9009165775	0.0 1.0 0.0
9009165787	0.0 1.0 0.0
9009165788	0.0 1.0 0.0
9009165805	0.0 1.0 0.0
9009165815	0.0 1.0 0.0
9009165817	0.0 1.0 0.0
9009165829	0.0 1.0 0.0
9009165841	0.0 1.0 0.0
9009165847	0.0 1.0 0.0
9009165877	0.0 1.0 0.0
9009165894	0.0 1.0 0.0
9009165896	0.0 1.0 0.0
9009165899	0.0 1.0 0.0
9009165921	0.0 1.0 0.0
9009165925	0.0 1.0 0.0
9009165935	0.0 1.0 0.0
9009165942	0.0 1.0 0.0
9009165946	0.0 1.0 0.0
9009165951	0.0 1.0 0.0
9009165970	0.0 1.0 0.0
9009165971	0.0 1.0 0.0
9009165985	0.0 1.0 0.0
9009165986	0.0 1.0 0.0
9009165992	0.0 1.0 0.0
9009166004	0.0 1.0 0.0
9009166014	0.0 1.0 0.0
9009166029	0.0 1.0 0.0
9009166044	0.0 1.0 0.0
9009166045	0.0 1.0 0.0
9009166072	0.0 1.0 0.0
9009166082	0.0 1.0 0.0
9009166083	0.0 1.0 0.0
9009166101	0.0 1.0 0.0
9009166111	0.0 1.0 0.0
